117100
160652
110049
17613
93441
303
56189
40178
303
98406
40178
110049
82117
56436
67248
82117
303
93441
67248
110049
56071
56189
98406
110049
56071
96823
56189
40178
110049
40178
56436
110049
82117
56189
45974
45974
110049
129116
40178
125010
110049
21267
110049
40178
96823
56436
141124
17613
96823
40178
110049
56436
82662
110049
82117
56189
45974
45974
129116
67248
17613
110049
129116
40178
110049
10806
129116
67248
82662
56436
93441
70806
56189
40178
129116
56436
67248
144368
10806
110049
91064
141124
40178
110049
40178
96823
303
110049
56071
56436
93441
121995
110049
56071
56189
98406
110049
56436
48015
303
93441
45974
160652
110049
141124
98406
303
121995
144368
110049
98406
56436
110049
21267
110049
121995
303
82117
129116
121995
303
121995
110049
40178
56436
110049
82117
56189
45974
45974
110049
129116
40178
110049
10806
141124
67248
82117
303
93441
40178
56189
129116
67248
40178
160652
125010
10806
110049
95735
96823
303
67248
110049
21267
110049
121995
129116
98406
82117
141124
98406
98406
303
121995
110049
129116
40178
110049
56071
129116
40178
96823
110049
156303
56436
96823
67248
110049
48015
56436
67248
110049
108441
303
141124
70806
56189
67248
67248
144368
110049
96823
303
110049
96823
56189
121995
110049
56189
110049
91064
303
40178
40178
303
93441
110049
129116
121995
303
56189
125010
110049
79987
56436
67248
110049
108441
303
141124
70806
56189
67248
67248
110049
40178
56436
45974
121995
110049
70806
303
144368
110049
10806
83813
56436
141124
110049
98406
96823
56436
141124
45974
121995
110049
82117
56189
45974
45974
110049
129116
40178
110049
303
67248
40178
93441
56436
128198
160652
144368
110049
82662
56436
93441
110049
40178
56071
56436
110049
93441
303
56189
98406
56436
67248
98406
125010
110049
21267
67248
110049
40178
96823
303
110049
82662
129116
93441
98406
40178
110049
128198
45974
56189
82117
303
110049
160652
56436
141124
93441
110049
141124
67248
82117
303
93441
40178
56189
129116
67248
40178
160652
110049
82662
141124
67248
82117
40178
129116
56436
67248
110049
96823
56189
98406
110049
91064
303
303
67248
110049
141124
98406
303
121995
110049
129116
67248
110049
98406
40178
56189
40178
129116
98406
40178
129116
82117
56189
45974
110049
70806
303
82117
96823
56189
67248
129116
82117
98406
110049
141124
67248
121995
303
93441
110049
40178
96823
56189
40178
110049
67248
56189
70806
303
144368
110049
98406
56436
110049
129116
40178
110049
56189
45974
93441
303
56189
121995
160652
110049
96823
56189
98406
110049
56189
110049
67248
56189
70806
303
125010
110049
21267
67248
110049
40178
96823
303
110049
98406
303
82117
56436
67248
121995
110049
128198
45974
56189
82117
303
144368
110049
56189
67248
121995
110049
70806
56436
93441
303
110049
129116
70806
128198
56436
93441
40178
56189
67248
40178
144368
110049
67248
56436
110049
56436
67248
303
110049
93441
303
56189
45974
45974
160652
110049
148209
67248
56436
56071
98406
110049
56071
96823
56189
40178
110049
303
67248
40178
93441
56436
128198
160652
110049
93441
303
56189
45974
45974
160652
110049
129116
98406
144368
110049
98406
56436
110049
129116
67248
110049
56189
110049
121995
303
91064
56189
40178
303
110049
160652
56436
141124
110049
56071
129116
45974
45974
110049
56189
45974
56071
56189
160652
98406
110049
96823
56189
48015
303
110049
40178
96823
303
110049
56189
121995
48015
56189
67248
40178
56189
17613
303
125010
10806
110049
127697
106922
45974
56189
141124
121995
303
110049
35047
96823
56189
67248
67248
56436
67248
110049
303
9820
128198
45974
56189
129116
67248
129116
67248
17613
110049
56071
96823
160652
110049
96823
303
110049
67248
56189
70806
303
121995
110049
96823
129116
98406
110049
141124
67248
82117
303
93441
40178
56189
129116
67248
40178
160652
110049
82662
141124
67248
82117
40178
129116
56436
67248
110049
10806
303
67248
40178
93441
56436
128198
160652
10806
144368
110049
82662
93441
56436
70806
110049
35047
82117
129116
303
67248
40178
129116
82662
129116
82117
110049
79122
70806
303
93441
129116
82117
56189
67248
110049
116267
112136
119022
19045
112136
89478
144368
110049
48015
56436
45974
141124
70806
303
110049
66738
66738
7376
144368
110049
128198
56189
17613
303
110049
112136
100958
162511
19474